2940000 	 11080
4184250 	 12220
3031750 	 19962,28924,18730,3228
6874250 	 26754,11628,647
12215000 	 12352,7868
8040000 	 16406,7868,4078,18024,18805,18292,26464,5372,27791,29551,5429,9829,26341,2655,22914,25372
8845250 	 21979,12394,6092,25631,15446,26464,6550,4127
5780000 	 10058,262,5094,16529,19523,26308,8313,25830,16460
7699500 	 28410,11080,22280
11984750 	 20207,8689,25086
5491500 	 17405,14182,21110,20620,4443,20154,4162,20751
12154500 	 5470
4475750 	 15584,11612,13888,21796,21092,26267,21110,6539,16754,3627,25488,25372,14261,679,15934,17958,23103,24869
5642000 	 9985,11176,14318,12512
11313000 	 3228
6564500 	 11196
10492250 	 26728,7868,7754,19702,25260,4571,4499,20029,281,18730,11176,24015
5264500 	 5470,25372,14261,12394,21110,1642,12220,27625,11328,26420,14020,2822
1971500 	 8385,4479,7624,18712
5865750 	 28937,57
6694750 	 22393
1074750 	 27092
10234000 	 3324,25214
1966250 	 26722,11052,16110,2257
9706000 	 16476,19120,23260,3980
4215750 	 5912,28391,25309,22836,3937,18805,19514,15138,7354,4578,20180,18572,17195,3760,21914,14580,6908,911,23793,18730,4571,16854,20184,26618,12251,7561,14192,17920,2635,13645,12647,6670,13518,14145,19949,9848,2513
691500 	 12431,9563,29203,24984,2826,25733,27791,8724,23556,1903,20154,11018,7868,26523,12977,7843,5185,28952,4544,13819,7105,22533,21796,8689,15672,21672,12285,3228,11849,3507,9842,8643,26288
2033500 	 18611,20417,7473,20015
1911500 	 8689,3627,1047,16110
2921750 	 14182,29547
4770500 	 13554,12220,14020,9609
5024500 	 12394,16550,12220,3228
8096750 	 20918,26485
69500 	 5077,25346,21672,17641,17640,18805,19973,28230,14294,360,6007,28410,22947,18196,6596,24929,14020,17119,22280,2739,143,24486
7687500 	 290,22715,12394,23662,15116,2610,20803,682,5267
2920750 	 21862
892500 	 28985,23516,11670,7868,12243,29022,3627
2975500 	 21865,15934,7868
10628500 	 4078,796,21110,12994,11263,16986,14482,18436,21092
10773000 	 12352
5011500 	 29203,11022,10532,20484
1792000 	 12307,13390,23623,20979
11321750 	 6348,3775,17639,5661,17060,27060,2804,6284,23338,15645,24486,5515,20206,3228,3564,11793,13888,16110,2750
10592000 	 25372,5598,2257,4949,16429,12220,17846
1104500 	 21110
7886000 	 5267,1428,15446,1712
6247250 	 19615,10840,28626,16918,22736
5037000 	 679,26722,20648
2788750 	 29084,6918,2898,11679,27791,13274
3588500 	 20846,1831,23284,18024,16217
5108000 	 14261,14580,27371,14182,647,11687,27785,11080,28463,24486,2683,6148,10646,11793,18371,8689,16540
3952000 	 16550,28631,12220,13349
11701500 	 26679,17641,22052
776750 	 14777,22168,2257,24598,7080,16939,7061
10521000 	 9471,15761,25770,23076,26169,13779,10409,15874
2874500 	 14914,7910,6203,19422
154500 	 21110,12168
8529750 	 16609,15138
7892000 	 14194,9340,4354,5267
1531250 	 25260,2963,3719,4676,6092,24180,21110,23338,21146,12216,26523
7218000 	 15584,12220
11730000 	 23656
2253250 	 11196,28189,21067,11080,18575,16722,23525,18730,1591,26288,155,11328,14153,11652
5742000 	 170
9069000 	 11573,21110,8689,28391,2257,7868
8940500 	 14261,16463,3720
7034000 	 10014,23103,27791,29203
6234000 	 3555
9173750 	 11196,13020,16406
1622500 	 24831,15584,8662,25086,451
9513250 	 15584,15116,14182,647,1008,22319,11452,3759,16420,16199,26394
3520000 	 7976,12586,27791,14020,21121,6918,6498,5791,18353
3913250 	 10136,15159
5034000 	 12220
10653250 	 23857,3828,23096,24034,2574
10443000 	 4571,12271,24969,28985,28951,21110,2042,2373,1222,29099,13779,8719,27135,17372,25488
8195000 	 3034,1758
65500 	 2999,15639,20180,28463,29099,14623,15018,18736
5139250 	 21067,11793
11169500 	 993,17640,14294,366,20641,25040,15584
3344750 	 29099,28435,12220
9394250 	 11196,25372,7105
7143250 	 22366,637
2771250 	 29490,23284,26722,26314,789,19277,480,22319,23475,27670,6247
3644250 	 10584,8637,14580,7868
6003750 	 3390,15584,18843,4949,2257,2033,647,23662,19814,11080,6934,1909,6680
1140750 	 23947,3285,25086
8910750 	 24503
11747250 	 16918
38250 	 11447,20626,2694,14318,11176,28719
5254500 	 25770,28391,11524,20300
11225500 	 21110
11601500 	 28117
6061250 	 14261,679,5670,4949,17117,26655,20721
12377250 	 15138
8628250 	 26288
10401500 	 24929,14048,7868,17959
10818500 	 14261,18196,5185,4618
7715000 	 7868,2457
1561250 	 15766,16603,11465,679,2257,20425,22393,6148,15639,28410,11080,7868,4949,23102,4691,3627,12557,12168,17945,251,13891,14153,3804
4658500 	 12220
6301250 	 22393,25596,7868,29547,16463
4850000 	 1428
2103250 	 1831
2050000 	 4053,12329,27791,21336,14242,14415,24377
10642000 	 8257,7323,7105,2655,8717
4625750 	 17671,9838,1428,3723,18032,15446,25420
1173500 	 5598,15730,23421
2331750 	 4571,7868,1222,22359,9620,8625,21840,13390,10395,8689,24893,28370,2526,22789,4709,18501,1752,2669,18990,13903,21975,28985,14318,24886,6529,10680,15653,23984,28653,5971,1390,23025,21092
2807500 	 18805,29203
1528500 	 414,3627,7059,24929
1661750 	 11080,7611,23793,4775,13592,5429
8216500 	 2257,12394,8313,3755,21979
6807250 	 679,15192,13390,8327
10312750 	 16110,2257,25260,2899,15934,4949,17547,6672,7868
3304500 	 15065,1392
1724250 	 12977,15672,7868
621500 	 16009,3308,20425
6571000 	 12252,1773
6998500 	 3627
848500 	 14261,9838,22393,16406,10151,11196,24977,6467
573000 	 19962
1953250 	 6096,8719,15639,647,10176,12352,26722,2683
9694750 	 10914,14887
3350250 	 19177
7703750 	 7868,14020,8719,11007
8051750 	 8389,13737,13762,20297,21110,20803,3720,12220,14020,12202,21911
5143250 	 21110,17661
5959000 	 6672,251
11874000 	 11679
8033500 	 27955,6348,21094,21110,12220,20996
9807250 	 21885
9842500 	 7868,22319
8243500 	 17945,17455
4133750 	 1831
6849750 	 2655,19796,25372,3937,9829,5848,23556,4938,6290,12220,16821,3228
6957500 	 24576,19615,7552,15874,12606,27955,13793,15534,22751,29547,10847,27458,22961,11363,17451,17191,29044,4887,23025,5074,22330
8799750 	 28410,11080,7868,8327,11396
9163000 	 28184,23278,11565,23094,6294,476,7748
5293250 	 12220
4844000 	 26806,11176,5086,12220
1181250 	 8689,5458,7071,6672,15858,17968,18932
6848750 	 12160,22319
3317500 	 11665,1501,17657,4338,17794,21785,8446,4326,22313,7692,15510,2260,224
12234750 	 6681,4078,25517
3742000 	 4571,20846,6918,18805,4125,7868,24009,21796,22820,8643
5522250 	 25260,4571,21672,2257,8689,6908,28710,10788,4949,11176,12352,12883
563500 	 282,8528,9549,18990,7868,7376,28653,29092,27511,2683,6112,12220,22058,5041,21838,26,9620,12426,5260,21840,14073,3254,20300,28347,5461,15069,1694,3658,20359,19632,8313,5661,14728,23284,17520
5407750 	 26480
2852250 	 14261,14360,27415
5078750 	 21110,9236,14580,6546,10255,679,24015
19500 	 17572,2610,18353,11080
2752000 	 22505,8689,3164,17958
6921750 	 29497,19458,19095
5440750 	 12883
1189000 	 11176,4949,15584,29203,5598
7588000 	 28824,5848
1118250 	 2159,12068,20207,25207,22220,9582,25151
3310750 	 26722,8689,18730,4172,4997,11328
9906500 	 14580,26722,21110,7868,24601,21336,11328
3981750 	 1831,18730,14887,21565,5053,22439
8049000 	 14294,11670,2683,25418,25556,7997,27544,21695,4807,5706,22148,21092,29290
12016750 	 27683,18001,27371,20529,18730,13793,20796,21975,13070,5557
1579250 	 14573
7306250 	 2655,679,17676,24379,2669,21110,7868,2099
3257000 	 25260,217,5469,13734,12773,6080,28357,13084,21400,7611,4709,11465,13007,9563,13247,22266,8149,679,15934,21672,1950,11578,6158,6918,18805,29125,1554,13394,25465,1384,23284,25526,15534,10329,19973,2826,8689,18075,6909,18379,5099,21657,5312,11687,20854,14925,15584,9549,2669,23662,15730,21110,6827,24359,28410,26429,10226,11080,8122,7868,3390,4298,16383,15032,27508,789,8816,8815,29146,24601,5799,24602,27791,23143,25332,3804,20955,26860,11347,6609,251,25424,8943,23793,29547,25570,4949,27458,25415,18730,20648,22727,17058,10014,20425,13592,8662,12220,28896,13793,24977,17945,12055,5218,7208,11176,25099,10289,12352,17195,5807,26959,23506,18541,7827,29473,3228,25488,476,1479
1710500 	 7868
11957000 	 22505,27927,26605,18275,9210
11612500 	 25372,29203,19974,15138
3549000 	 14261,5957
4895250 	 16944,5094
12231250 	 19539,26722,26973,6246
3581250 	 12512,20585
1338750 	 11363,993,28453,9629,13450,12410,2966
7854500 	 29099,16463,11679
9586500 	 7868,10795,10620
10054250 	 8425
7163250 	 4571,18805,10329,2128,12943
745750 	 1666,29099,4775
1492500 	 3926,16540,7868,28899,8689,3627,17653
3148500 	 13645,8662,3627,201,8890
341000 	 2963,679,23407,2257,26722,26754,9290,13888,17958,4003,25676,15584
11440500 	 7975,14261,17986,1758,504,679,11080
5745000 	 20527,27887,21121,11052,20800,6701,14360,9838,13588,4709,24923,4960,23662,21838,18730,26737,11029,20579,11080,9829,9486,19962,11670,28710,27529,8978,2257,2103,2669,29416,19417,4571,26722,20658
4922750 	 25733
5726500 	 4300,22731,25372,14020,10059,25733,28410,17072
8156500 	 1831
11734000 	 679
8111500 	 11080
7600250 	 8662,4949,12758,19509
835000 	 7868,7071
10774750 	 27791,2899
472000 	 23748,14647
6412750 	 23676,17060,6929,3304,13281,23632,12352,25092,27674,22319,15019
42000 	 29528
6272000 	 6080
11158000 	 15018,24565,20835,11396
3211250 	 26516,3228,9988
5155750 	 12453
12239250 	 21838
9121750 	 8327
1194750 	 7868
7060500 	 22505,23108,18982,13906,20449,14973,4102,19951,22736,22680,22390,10340,15438,22136,8193,11080,24674,21503,4924,4949,7071,20960,26017,8807,9324,11939,1758,6559,18353,25908,1698,16109,23214,5950,9111,21975,10703,5285,13909,15449,8358,11727,28860,25015,12977,28685,9985,8631,27196,7868,13603,19389,20208,29010,12740,12052,13405,397,9948,24645,2371,21092,8220,9396,3384,27,8692,13461,18950,17582,16276,22442,3300,19005,504,29388,1003,760,12287,26655
4087750 	 13793,23531,2655,29099,17676,11328,251,14261,19014,28370,26605,10188,24964,23662,25531,23475,27906,21672,3627,12433,24986,7868,29547,24385,26883,2257,27791,7184
9720000 	 16315,4281,26871,22168,8939,19894,11849,21092,1392
887750 	 26754
8573000 	 9549,16110
832250 	 1831
9076750 	 14119,25372,1547,4731,22368,5712,2826
5238000 	 3361
8072250 	 17227
5354000 	 21110,13450
9512750 	 12996,28924,10584,17880,25651
10052000 	 10893
12331000 	 1831,28184,6294
3288250 	 25260,19973,20279,27060,26318,9549,360,23662,7868,3390,29547,4427,8816,647,2929,27458,13648,10714,26127,15499,9802,16110
11590500 	 17606,7868,17337,10097,17127
5012750 	 3393
799000 	 4709,22643,11687,2669,2198,1031,750,18730,8719,13450,1155
9592500 	 22505,2963,11573,676,24541,20764,679,10329,7037,13020,19514,21796,11080,7868,22094,27791,5661,23241,24869,6767,26665,9549
2428500 	 17640,4986,12063,13559,4172,26563,7680,3308,5410,28332,9250,22314,10381,24004,25637,637,15796,168,13216,7160,11489,12687,24471
11535250 	 19021
1629250 	 28937,12220,143,12394,21758,7727
6155250 	 1501
1782250 	 3237,19374,21110
6751750 	 28463,510,3658,1008
3149000 	 13162,29008
2088000 	 17431,10410,16556,2655,27615,4078,25079
8949750 	 4808
11434750 	 18758,20083
10944750 	 8719,1461,155,8689,11942,25687,13451
4921000 	 11857,377,15534,8689,18990,8775,24015
4259500 	 4949
12371000 	 14261,12352
200250 	 1831
4059500 	 3857,24196,16540,10694,9549,14120,7868,5299
599750 	 2963,28992,20386
7927750 	 9549,18624
12142750 	 14486,22749
4547500 	 26694,8173,27060,6918,10151,10710,13749
6897000 	 4300,2783,4052
7476250 	 15019
7016500 	 5377,11679,27407,10616,18075,6820,14020,22280,7560,12606,3228,7063,16913
7450000 	 22393,19962,7868
725000 	 20846,20425,26722,25372,1630,1831,19829,18597,14482,6672,2257
5769750 	 21869,29231,28641,14646,12220,6352,6051,10622,18741,11926
3114000 	 21110,15259,6828,2655
5898500 	 28465,25420,7637,21110,11573,3723,14182,11849,26722,27371,374
4956000 	 4571,17920,5470,14261,22836,29464,13008,23475,15934,19466,14580,18805,28135,22393,11604,23662,14048,11080,7868,2042,19772,26380,29099,18353,3457,18730,12977,17945,2891,13450,14153,11176,26763,26114,18712,27198,12285
2316250 	 26576,527,679,13592,4571,949,25933
10696000 	 1487,3458,5845,21110,72,26969
4852000 	 282,12259,15584,7868
11362000 	 2963,4324,9609
9802000 	 18804,24015,24947
434750 	 27458
11936000 	 1962,28641,14294,3935,3482,10948,8494,21393
4256000 	 14065,9392,2059,17331,12977,13883,20796,15661,11679
3014750 	 1147
2078000 	 679,8477
11949750 	 16519,25177
3719250 	 18362,3362
11579750 	 11196,12132
2187500 	 2963,16376,12162,24780
5754500 	 15423,20751,9549,16889,29396,12977,3228,24975,5086,27625
11307500 	 28463,2463
10229250 	 13793,16944,7297,8739,28631,18805,28653,23628
6700250 	 11176,4949,11578,8719,9549
8129250 	 25260,22489
1812000 	 21628
3723750 	 1831
5654000 	 25840,27446
11142000 	 29099,18075,12352,5833,4939,2695,1493
393250 	 11176
2076000 	 21841,19339,3390,7560,14483,24277,8549
11896000 	 13853,23731,15302
1046250 	 4571,2257,11396
4317250 	 3398,12220
4423500 	 21515,8662,11543
5901250 	 18730
3405000 	 20918,4389
4631250 	 18353
4102750 	 10026,21787,19149
9671750 	 2826,29203,7868
299750 	 3034,3719,4452,8528,28410,23612
12028500 	 8519
4257000 	 15089,23475,11176,4571
1063000 	 23214,19686
4153000 	 11080,3254
2198750 	 12257,12394,12220
239250 	 5470,5297,3068,25372,18572,3619,15018,21110,15934,16421,7868,19973,962,24625
2251750 	 13084,25177,22727
4454500 	 15138
8701250 	 4571,14580,18805,19973,19974,18180,19767,7354,14525,9953,17835
10064500 	 28466
3592750 	 29547,7868,5836
267250 	 7105,12977
5336750 	 19477,20955,4571,6908,11176,1731,12352,18353,14020,16647,1008,6393
10095000 	 12977,21092
11131750 	 22549,11196,10726,915,19255,14482,12271,3406,5738,7868,16406,25488,17647
2378500 	 25372,28243,7230,4571,5099
1240250 	 8689,12394,5998
6523250 	 13976,17060,17926,18290,7105,16540,23086,21501,11685,17823,11196,22489,4411,4845,8901,14020,16672,469,24196,25295,15618,17153,8359,4443,28411,24486,12063,17647,17835,27446,16406,17959,26619,15315,12285,16818,18962,19751,24856,16825
854250 	 15832,20158,23549,19692
5082750 	 15125,15127,155,23103,9471,24503,14573,6740,11208,8943,24026,3369,28621,2059,12394,14699,4411,28422,11605,8676,18002,3894,16735,24193,22024,25299,647,25329,22556,3284,21796,18105,16361,25579,20575,3077,6864,27615,11080,17400,6672,7868,11397,6546,24383,29547,20180,26631,23928,12512,17280,24625,21919,27272,23143,5912,17214,4795,11029,20449
3363000 	 25329,3627,8082
6515500 	 18235,29099,11329,21657,527,24015,8662,23793,13450,6319,23340
10845500 	 17024,29497,20529,12056,1228,17060,29099,14577,18075,28181,28924,21813,18507,26852,21139,23214,23526,16653,25214,9985,23623,3723,28631,12285,19021,12512,13390,19458
8745250 	 3590,679,12033,15883
9463750 	 1788,14030,743,12431,24551,11196,19477,20386,16356,2966,16825,1909,19814,26434,14261,6571,4538,15935,26883,28189,6767,13084,6104,3254,7611,9301,735,162,12277,18736,18672,22630,25678,19924,7390,15672,8637,9112,1797,25733,16406,5324,17055,7354,7230,12977,9829,9494,16696,23330,11201,24034,20589,11378,19105,27961,11679,26758,5797,26127,15138,27156,27791,20029,7105,3677
965500 	 2963,12056,20297,24411,18227,29073,10646,26845,25003
10533750 	 29099,24026
11300000 	 18912,4479,28809,27371,18024,8689,13701
5261000 	 8786,6148,3766,11901
5239500 	 21110
6852750 	 18180
7568750 	 3458,4329,17087
6150750 	 28184,4510
10309250 	 9340,8171,29099,6498,28148,18730,18024,21091,27791
8909750 	 2826,21110,28631,15159
4880250 	 16463,1831,14482,19217,20846,17405,23143
1446250 	 25372,22505,2042,21852,16849,29261,8689,7868,3390,4078,20180,3192,19751
3216500 	 27168
7367000 	 16540,504,1566,15584
2968250 	 21110,12220
7545250 	 29099,3329
3266750 	 26318,13749,7045,12220,787
4047000 	 2655,17945,21865,20551,7105,22547,12828
4716750 	 21110,22126
11761750 	 14226,5086,11524,3406,22043,9765,20846
7898750 	 7868,24503
10840750 	 13878,23202,8628,17330,9472,5659,2968,7975,3678,27994,6740,29099,2999,4578,25117,11831,8689,23304,16925,19421,26605,13672,28355,180,17747,25758,25770,15584,9549,1563,20728,2669,23662,14020,1237,2916,20457,3937,12914,16483,21796,11605,12285,18024,15138,15353,7105,27426,6672,20579,15637,785,6118,24385,12475,9242,24015,21565,8978,2895,28985,12220,1453,27791,13779,28596
3249250 	 1237,7868,12394
11552750 	 16011
847750 	 3714,21787,23304,9848,25770,13390,21838,27406,1752,19891,12220
7976750 	 25372,13962,21862
10609250 	 2963
9394500 	 7096,5820,1831,3126,17090,20626,3723,10908
1381000 	 10857,1831,8662
5968250 	 4078
5735000 	 15450,13592,4335,29490,155,24385,24073,25407,10673,23487,14014,24977,2739,16500,8566,14242,5470,2198,22390,22393,13749,11328,9162,14407,13779,12606,28621,4794,9284,4381,7266,5845,21186,19616,24711,18632,3941,2367,11280,26050,7868,17218,11767,2683,21838,21110,10726,16464,26959,11670,20585,11951,3627,6461,23549,22280,19381,15352,22246,11083,11080,8535,28791,17136,13070,24457,21503,17483,3417,24015,2319,28746,27448,16975,7188,15138,19891,19632,19893,2257,24763,18824,12168,11868,26404
5187750 	 11194,19514,29099,24168,6431,21838,18730,21672,11080,7868,16110
1758250 	 12560
9288000 	 10999,2683,6401,27508
7513250 	 29153,7692,1756,29203,4078,23203
5467250 	 21110,1822,19277,679,18046,16103,6287,27458,27567,24922,28441
380000 	 18628,2128,15618,1392,554,23770,22367
2756000 	 13975,17470,2908,24953,11345,28463,16108,6725,12715,20297,9053,7179,11176,13394,4411,18501,323,527,15972,26114,3409,8719,8966,24841,18041,10151,679,15934,10370,10647,3937,19625,12285,16089,16301,15019,14996,10115,21329,20411,22533,1849,25854,23071,17945,13661,6771,7728,15032,15138,24461,14818,13773,21485,3590,15320,11347,15344,21092,25565,2198,24311
10976250 	 22032,12489,743,7354,14580
7116750 	 11196,19514,26605,20952,24503,5506,6876
10018000 	 16663,2593,15874,2655,13450,5506,25372,12447,4538,11176,13779,11196,29076,5685,24844,26788,18730,18805,25804,16406,27739,8905,11080,8357,7868,18849,13213,4750,28437,13313,13749,19562,21929,12220,290,19015,27791,5429,642,20343,25252
1934750 	 1788,13853,15721,3822,11196,22530,14119,21110,14671,13547,27046,7822,3327,6876,12853,25372,20395,22889,3555,11176,5940,28035,24087,15228,12528,4709,11682,25424,3977,18388,7552,21838,29032,29295,24507,23662,19514,28391,23881,1547,6828,9549,20164,3866,8538,25193,15401,15138,28410,2655,12977,11080,14020,8122,25389,7868,27446,7335,17620,5429,21690,29203,28214,11679,18946,6652,13749,25488,24726,14209,4993,19381,16296,13118,23284,14339
12015000 	 24977,25423,27028,19699,8024,5267,13097
11558000 	 16079,27438,25372,16788,7552,24307,2442,3740,21611,4078,6290
10598500 	 599,12394,12352,21110,18575,12220
620500 	 24922
2688750 	 20952,22393,3629,24601
9782500 	 4949,7975,24869,9912,18743,23662
317500 	 13971,25260,3771,4300,11194,17559,747,4949,15874,11080,24975,6980,19973,6877,20444,29099,14067,21372,22421,251,12924,4281,7976,12692,3254,4125,18084,25770,1115,12173,9549,28216,20509,18736,19514,23214,18730,8637,9620,16100,22029,12068,16836,19061,21121,5048,23829,19938,6918,7868,28717,18805,16918,15210,4571,24015,11029,17851,12588,16110,23287,16292,5799,7354
9972250 	 23187
12004000 	 15645,16540,17191
415500 	 21442,8689,3151
10592750 	 23798
7483500 	 21865,11679,2610,25079,554,8384,700,15389,8380,16353,26361,3329,23426,17147,25372,21377,25424,1546,24964,4281,18575,17746,1852,29446,17214,18196,12475,17096,20548,749,24869,24638,28727,24841,11857,5797,10153,25679,16463,12865,24196,1218,28945,20388,16775,3740,23587,18024,24026,7105,2826,11127,27638,11080,17647,9486,26585,12068,6398,17244,3228,15315,420,23007,4059,11851,18864,27052,8965,6461,11329,10928,23331,15345
9716500 	 20425,4949,11465,12168
9811750 	 10969
8324500 	 16887
11494250 	 27509
5994250 	 20884,8628,24977,661,14157,20015,11324,27625,17512,22393,12818,3555,22958,3552,26216,26459,1586,7611,29077,12173,24593,25679,679,19535,28909,25302,18180,14273,15138,7105,15422,15655,7827,23793,5267,11396,27508,18843,11253,16939,8816,18744,11775
5292000 	 11670
1025250 	 1918
11613500 	 25260,3593,15904,20444,2613,17633,9471,20449,26722,29371,26357,21067,251,12734,14261,21728,4060,18874,10718,26665,7611,5725,28641,3999,5803,21838,3390,15446,10151,11958,25270,8439,11951,19881,3625,20706,15637,16406,20668,7105,24486,22380,5655,7868,1644,4939,24178,28997,19680,14931,24541,2257,15498,26404
236000 	 4361,19501,14194,911,22523,29203,21050,7248,9452
1441500 	 3590,15879,2846,13954,9209,23928,743,21560,17123,2826,19817,25372,16094,1547,4921,22727,12033,7070,12670,6326,7552,15883,12220,23872,2643,6447,26546,7235,28334,12628,1912,18001,4398,10194,27373,25976,29203,2234,6290,642,18626,2791
5052000 	 16420
7921500 	 12674,17327
1985250 	 21865,11196,23776,743,15417,25372,22911,11382,27603,14984,12033,18075,12394,24196,28059,23116,2382,11629,24436,2683,21110,4339,20943,3937,7420,18202,8943,10176,12285,15138,12996,9645,17013,23197,6635,24307,14765,5086,2394,28952,24627,12220,10713,23531
8216750 	 12285,14065
7375000 	 2655,27625,25372,25309,7552,21110,16463,24196,3937,17429,20184
9946250 	 2899,3720
4782250 	 8446,679
3675000 	 22727
6619500 	 21110,4479,11465
4063000 	 11196,6148,18689,12055
6867750 	 14020,4078,7560,15341,24788,27092,2655,7113,23115,28045,13020,12259,23826,11175,17013,1913,22279,25372,7552,25424
3903500 	 15138
5847500 	 4571,27458,13561,7868,21838,12285,22280,5539,11080,17995,8978,1831
2480750 	 20425,377,23284
3573750 	 12394,12220,23662,4452,7868,11670,26660
6904000 	 19615,7856,398,8193,8689,10056,17633,5557,11319,26280,5267,642,11849
6754250 	 17945
10713250 	 21865,2655,10678,10381,22823,16463,6951,4078,26619,6290,19890,17087,3720,1192
2448250 	 21865,21672
3625250 	 21110,4718
11527500 	 21110
10966250 	 17118,20952
11121500 	 15075,7323,10893,20297
8757750 	 23928
7361250 	 9291
9437500 	 2683,12168
8649250 	 16540,1547,25830,3740,29203
11632250 	 15389,1758,21110,24196,3555,11330,15773,12220
5957500 	 19514,24385,19918,21919,2826,8689,8637,22080,9824,22943,11080,27501,29203,27741,12220
3684750 	 1831
1319000 	 21849,5469
4035250 	 26633
1620500 	 12230
10578000 	 13240,18024,28992
11683250 	 3886,1249,24196
4533750 	 17654,5290,15434,9657,28832,398,10694,20951,17319,21110,10059,530,26699,29362,6868,9392,20846,25346,10616
2988000 	 1822
1767500 	 5598,6690
567250 	 13962,11174,5093,23251,2655,11080
9782000 	 10381,1831,2826
6571750 	 993,14580,20158,17706
11972750 	 20708,12599,2674,8122
11032250 	 1140,14952,6836,17577,11357,16668,20952,22377,27403,24083,14363,21312,1713,28370,29407,2963,18879,5705,6770,4169,19828,9959,28642,10745,10627,20386,20902,6780,19928,16656,9549,26699,3627,29265,15449,3171,28453,24986,22530,3723,24073,28342,11797,28653,12162,25839,28411
4336750 	 20846,16463
7918750 	 12055,23662,16180,18805,17995,13592,13274,1788,23202,26959,18689,9802,13749,8978,11652,24541,1591,26404,22319,11225,18275
3781500 	 15745,9894,16887,15606,3941,19973,5336,26728,22393,19817,1903,7096,27789,7090,13461,4949,4125,26763,24964,10819,911,28391,10350,679,18730,20389,21672,28842,241,5655,11279,25792,7868,16818,20047,18859,15315,28227,11605,21533,28117,18697,19632,24851,2695,10718,11969,25933
4907500 	 21110,18075,25372,29465,12285,24986,4683,11679,27711,3720,24430
2386250 	 7282,26754,6255,6331,6880,1392,9953
10393750 	 28992,7868,4479
11794250 	 22504,3068,15660,12394,11423,12220,14025,22280,19101,11679,28653,164,28924
10322250 	 9111
11352000 	 6163,8010,15155,11080,15502,23928,11659,12352
11137750 	 5832,6104,21841,6193,4226,25360
1459750 	 16550
417250 	 9549,15584,3627,12557,3190,2513
6380000 	 28425,28059
6015000 	 7282,19688,16607,11080,20822,23103,20529,22508,18456,4326,12420,21565,21865,4650,16564,14597,9053,9301,28527,13773,16197,6765,5197,6399,4949,26556,27513,13240,29290,20466,7530,11186,12490,20603,17034,15672,8637,16124,12914,24170,24323,967,28410,10203,25510,10970,24788,29269,11201,20369,3228,7560,19458,1827,28059,2570,16939,5693,9885,23861,25830,22317,27092,1666,25875,23025
10654750 	 14991,2270,25214,27272,7552
5608250 	 12855,9458,12729,14227,8156,14119,765,4452,3534,25883,14596,2826,6290,18075,25424,1547,11665,25372,12394,28015,15584,22305,27785,11857,21110,16463,8226,16467,15159,8943,8358,29203,22162,489,15019,27615,14278,12606,7868,13070,24542,29125,4731,6352,26619,3476,5598,4913,16939,28087,19021,7465
1727500 	 27334
10119250 	 25260,27939,22240,133,4452,239,19974,16722,22393,14261,1831,6326,12352,20425,28747,2367,25439,28828,10225,22380,21336,19026,8816,1245,2257,27791,22330,5087,10282,7868
3226500 	 16474,23267,14596,25372,8689,14071,12394,7868,4230,23863,25917,18741,924
6233750 	 5131,17431,18950,24869,7349,23214,1570
9839750 	 3805,24081,22524,16787,5197,27458,8719,7868,11767,21110,28410,18281,26754,8662,647,11328
6848000 	 5454,15584,9671
11111500 	 25372,20051,13962,25142,14623,22029
2704750 	 22359,11547
12384250 	 21747
1517000 	 19903,15299,11350
4004500 	 5211
9982500 	 10435,2683,9369
382250 	 2713,20158,3753,21783,20846,18213,5740,26722,17060,3273,19974,22393,8689,25372,14261,25424,15761,20311,26959,26623,10948,7611,10622,5681,11767,26852,3488,21110,993,24196,11052,20625,11977,7335,15138,12840,17835,1608,7868,18805,2123,6352,5598,4103,6773,5796,22280,25586,29022
11496750 	 18672,20565,27191,29084,587,747,9829,28898,2695,22016,20101
8528750 	 25372
2138750 	 11029,1950
1110750 	 13883,22499
8123500 	 22852,3390
252500 	 12541,24447,18741
2808500 	 24196,12394,25372
83250 	 14596,5131
5059000 	 8856,22327
8523250 	 21336,22393,14458,5357,16110,5680,18544,21672,13592,3032,28616,15934
2350750 	 2963,1712,25989,25386,24788,24385,10840,4078,7248,7741,24975
10768750 	 17592,11150,637,12870,2570,27261
6257000 	 2655,25372,25424,16986
9212500 	 4767,11528,3476,17868,25372,14025,25596,1293,21221,20555,18937,14701,4370,17158,18002,22889,22280,11969
5952250 	 6827
10539250 	 4486
8430000 	 17771,8637
1074500 	 4571,14261,10908,6052
9344000 	 18555,18001
5828250 	 6988,599,16979,10962
3282250 	 19126,23475,23623
9103250 	 2655,9563,12220,28357
3312500 	 27625,22280,19993
10915250 	 20958,27497,15901,8625,25312,13873,5523,5640,23304,26559,5254,19138,12395,2249,2504,24452,23662,10703,21911,10315,12022,14062,20411,9045,7868,11670,3390,14930,17263,28653,475,10861,23556,18075,12220
64000 	 21865,21788,2455,23656,20565,9633,6621,6341,9912,27514,2869,12394,29155,554,12132,21110,679,18895,6805,1379,15138,6154,12283,10500,11080,11670,25856,5087,23160,19631,22218
7893250 	 2967,10737,9209,29377,28992,8327,3507,18075,2945,2347,7208,21283,28276,10694,11604,4845,27168,21110,679,22106,21672,3954,9745,2526,28410,24341,4036,15018,11080,27946,11169,28348,6398,24385,2319,13554,18824,10928
8215250 	 14020,24628,14533,18251,14261
2797750 	 927,8533,20595,11790
9685000 	 11605,2693
2733500 	 14451
11894500 	 9512,20388,18564,15138,9548
3054250 	 9111,3627,15138,13592
4073250 	 12792,13592,9946
764000 	 5377,11531,7208
8633500 	 8767,255,1950
9438000 	 10329,14119,24977,18213,12949,5506,8689,11665,12259,22583,3850,19596,15639,16463,20007,21092,6880,15019,17158,5267,2123,3463,11679,9946,25830,12220,8668,2655,14319
3215500 	 13878,13836,9750,8327,25888,1903,4691,5250,876,21460,28059,22583,10914,4259,19198,16550,23134,20388,29203,27637,9645,4543,11679,19029,12220,12123
6683250 	 3590,25407,17438,14384,29316,3324,25540,23260,2945,14849,21548,28641,11280,29524,1700,16536,679,16103,23496,6918,28265,11397,14764,25994,26722,13450,6548,8816,15856,13059,18516,18741,22099,29041
5910250 	 937
1806750 	 489,18558,21683,16463
6996000 	 12165,6255
7002750 	 1831
8160750 	 5067,22244,11196
4193750 	 24929,23662,17959
8666500 	 11790,6815,5469,18075,4694,29547,911,679,15672,6447,20648,4794,13375,25791,5267,1644,13559,28244,4939,27467,15935,24601,647,24015,25481,19417,17671
5948500 	 21110,28057,17771,26883,15159,28382,6290,13736,22164,25372,16757
2737250 	 21865,23321,10329,178,3719,24385,19918,5661,215,29099,27625,19814,22753,3047,4281,14415,26605,6665,28484,27149,27346,23662,21657,15934,18097,19539,21796,24053,7105,3406,9620,29084,21610,3176,18805,29473,24151,3228,15315,4571,20300,12647,28135,8684
282500 	 15617,3697
6126750 	 24977
6497000 	 27522,20529,647
10619000 	 9639,21445,18353,18690,7572,23793,29547,4949,2683,27458,28985,5655,6918
9973000 	 10970,25260,23475,5429,6828,15158,17922,7624,28117,4494,24471,2375,18227
4557250 	 19962
8100250 	 11543,14952,14631
1459000 	 26614,6290,10014
2626250 	 5598,16077,25249,28230,11176,27458
8070000 	 18611,18024,27044
861750 	 17024,28924,3720,3723,4731,4078
10756500 	 15269,7522,7475,20146
7785250 	 12132
8102000 	 18213,2683,5591
10000250 	 5598,9563,6438
6014750 	 23739,6143,10368,21462,12674,11687,20595,19596,21110,679,2939,17541,18771,20846,9829,13070,2504,12519,22313,29048,28653,12220,12394
5539250 	 18231,25207,14630,3935,13179,18628
591750 	 21838,1229,21565,14596,16564,119,20466,5416,23793,4220,12394,17846,27231,9953,28769,12491,27483,25656,25477,15405,13648,16818,15315,26722,7500,12220
4606000 	 22504,15120,21110,9499,15661,25372,1878,26742,29334,7070,14887,17214,24869,5848,14486,12435,6880,8240,23197,26931,13070,3228,8896,4520,8911,26121,12394
1499750 	 16079,20449,20425,22875,5213,8111,28032,1831,4286,2226,24510,739,19153,23662,20127,10316,5655,18066,21054,21738,6653,27566,8669,18823
11646500 	 23847,21110,24978,13975,13585,17540,29084,6805,26973,15153,12949,9465,5474,15401,16463,7552,26493,26028,22706,11176
6205000 	 27446,10352,1547,17214,1962,17153,9195,29128,1461,10908,9948
1815750 	 22359,24297,20425,10232,28463,3329,28855,16722,25424,28230,16908,22329,2160,22836,19570,8719,6245,28333,28391,4314,25169,13909,24886,3390,20184,9392,29213,16939,25488,5856,28323,7995,28065,19673,11969,5799
4447000 	 155,9533,62,13815,11528,28370,5254,11748,4515,24848,12352,14482,29463,20334,3627,18361,12627,489,6672,8005,17647,7868,13602,26618,4078,12513,25488,3350
6433000 	 18497,8870,13793,16463,14646,11688,9824,19881,24385,22971,18881,12182,18149,20572,16396,10584,24471,16825,684,23241,18478
8060000 	 111,2826,14554,14942,27544,26408,13450
7568250 	 4479,4571,8689,14071,18131,2524,1545,11176,17647,12394,14883,4949,17317,1397,14399,13070,25941,12647,8005,6918,11670,12686,24687,29304,13112,11849,26827
7830250 	 20127,5779,25372
12204750 	 21681,17812
6299000 	 1481,6908,7090,13779,18730,11080,19962,7868,16818
10057000 	 2274,21110,14919,13206,6767,6511,6839,3101,21186,3857,17682,27625,25420,15498,8856,2605,239,8193,22447
11022500 	 9345,23245,14073,3755,23928,13450,23515,28653,12220,26288,22319,15019,24307,7179,23025,10718,21092
4304250 	 14226,22393,14261,11776
6334000 	 5062,10503,9413
3895750 	 12606
805750 	 23207,3254,5329,28465,19974,12964,29095,4535,12394,7070,7868,7613,28924,19312,6051,7473,19279,12888,15934,10642,21672,18024,6617,17661,14580,3723,18805,1994,949,6461,6094,10962,16033,22330
266500 	 22659,17582
8848250 	 10329,11807,8038,3534,22393,25372,29547,21186,6029,23662,15617,20621,20555,29203,22749,12022,2999,6118,8081,11698,8187,20188,25488,24704
980000 	 1739,22505,26894,4691,3228,20180,12762,6548,13737,6868,29099,19974,16296,5962,3176,8724,3047,18353
190500 	 20425
6266000 	 91,1644,8689,12220,20575,26958,21787,20950,3445,27467,6290,18122,26343,22749,15584,20995,7150,28532,14580,9871
405000 	 26698,2655,25372,16140
7494250 	 21991,17431,7577,26306,24167,12528,14671,3150,22668,509,2199,9588,12855
8248750 	 8628,8055,14119,23228,21061,1427,10893,3315,12394,13020,19668,4846,6583,13783,22769,19277,29203,9489,16599,9829,27197,2123,24178,4718,7186
4189500 	 11396,11677,647,2251,5912
4186500 	 12394,7105,11563
2676250 	 740,19365,17691,14574,14407,14535,27467,25770,18805,2388,15446,9258,15527,1133,23706,5267,1644,11025,4739,13557,6379,16112,1428,4970
5465250 	 23554,11382,21865,10962,4339,12613,5980,1329,3874,21110,10603,12985,15138,6331,26114,5377,21611,27168,24307
8792750 	 15534,27939,17920,7019,22131,15661,25372,28163,14416,29547,4846,1279,25535,6951,17640,12606,7868,11670,23900,5598,25871,22194,25883
3096750 	 21729,2815,20184,5429,4078,11196,27400,14182,20846,28553,17706,29203,10584,7552,3720,3228,20388,8628
2557000 	 25526,17167,16454,15761,23793,11363,15820,13020,20850,12133,360,3740,24541,7105,1912,25570,14580,7868,18805,4571,27508,18251,13134,18624
3188000 	 17429,2655,4993
764750 	 14655,20425,26988,29203,22749,7868,5403
4994000 	 16079,15534,2655,17060,4578,10100,23632,28256,25960,12379,1852,20695,9683,14020,6447,15138,12433,12729,27389,23531,24922,27373,10097,4172,11060,5081,2410,17087,510
7405250 	 25372,11330,17431
2476250 	 23779,25402,17657,23202,20484,8684,21067,21312,12988,4694,29547,13779,27128,11461,29231,23153,21110,21950,785,21326,9397,18805,23900,10097,8876,6656,7312,18516,28770
10185000 	 29001,10151,19294,11196,27912,2593,2739,17582,21672,10760,27448,4887,8689,6051,6104,1479,25770,11029,7868
7323750 	 16079,15534,14119,14020,29203,3740
154750 	 16463,15309,15672,25960,15159,1260,28458,29203,19618,20127,15063,569,8943,14119,9834,11196
5287000 	 17478,18196,7360,20466,3799,2326,2410,27514,12394,23116,12230,25619,15761,18774,26254,12705,6014,21771,4735,5796,5696,8479
7003500 	 22505,13793,12613,14261,14150,28985
47000 	 13099,3536,1591
3396250 	 21838,15534,25309,4953,25090
11391250 	 6546,24977,27998,17417,22244
8822250 	 27068,16821,25402
3410000 	 18736,16463,21758,18874,18990,20695,19049,23416,12855
12061000 	 21110,18075,7552,17058
1114000 	 22356,8188
11078500 	 28391
12417500 	 7208,24658,29418,6617,15584,3068
4814750 	 25135,679,7868
140500 	 15065,1831,12394,6918
4037500 	 26614,25883
4809000 	 10072
6572500 	 8311,7868
5082500 	 768,7560,15159,25372,5310,5416,2655,13135,12285,10810,7105,12220,3720,29231,14020
6900500 	 21659
5438000 	 21110,26614,704,3755,1778,14533,16103,8715,14145,20470,4580,9870,3046
4421250 	 8439,10338,21672,22999,13888,21815,1591,7105,2257,16110,11080
6264750 	 21110
5027500 	 8236,25372,18353,12371,23793,28357,7552,11679,10647,23070,8390,20184,8358,16956,2835,25219,15197,27373,6274,24015,642,27092,801,11201
6603750 	 10967,25005,21110,2621,217,6599,8202,13888,20188,29473,11026,3844,7230,12352,6729,17392,16988,28929,6908
3892750 	 5429,2898,3937,22204,13020,15138,17747
8346250 	 12285,1831,7015
5697750 	 21110
7149500 	 5824,20366,20645
8622000 	 9291,27572,14976,8702,10810,11638,11125,19829,15935
7345250 	 22484,26894,23697,28270,23656,21565,13762,11201,27060,12040,22319,8689,10718,2513,15138
10933250 	 4076,10404,26758
4392000 	 19514,14020,6148,11176,16527,21838,4949,5285,26716,23066,28410,19028,5896,18835,9236,5655,28225
9055750 	 18024
6140500 	 21110,22636,554,19149,2843,4424,27869,26722,28410,9180,6180,637
11631250 	 22504,15065,19252,2963,22482,11946,5598,563,10302,12606,22131,1570,4475,25332
3751500 	 8978,16696,5442,14400,3866,22261,6331,15584,20661,16540,13479,12606,18290
5987000 	 9120,2524,4542,17978,21525,9390,15639,13954,6770,5621,27060,25596,26034,19673,7976
425500 	 17506,13450,22094
8869250 	 29344,28230,143,17846,9317,11623,8816,11203,26402,11578,15018,8689,19962
10112000 	 9817,22319,2471
1148000 	 622,21110,1831,3584,15584,9354,13552,15945,10584,26429,12132,14266,10014,23284,17006
2148250 	 21110,10157,22894,15874,1972,6868,14294,10014,12160,12606,3273
3245250 	 18730,2257,22393
11220500 	 25830
4097500 	 9620,4694,6299,13779,9512,5190,4124,27334,6672,10343,9633,20655,14120,22864,2762,24844
9794000 	 26647,14626,14182,3197,24886,24560,17835
11847750 	 19166,10948,24447
5911250 	 24825,22489,12352,21632,9620,7868
4620000 	 21110,414
9015000 	 4691,2524,4731,7090,5796,26299,2000,12433,7024,5133,26686
3661500 	 13853,21110,12754,16485,7312,9548,5211
11397250 	 27537,19252,7762,13180,10617,12977,23541,19673
11923000 	 11670,8689,13607,3228,18730,29381,3032,6665,19636,5845,2367,11328,9620,14261,14580
6354500 	 5377,24307,26159,25605
8861500 	 1547,20021,25656,12284,7389,29377,2826,23381
10790500 	 1170,7070,20683,9836,22547,10773,26722,8313,27060,25682,24892,16621,22889,22126
8997500 	 637,24945,8234,3377,10726,20449,6767,19430,9656,647,23623
11772000 	 13793,8094,21862,24015,1966,5094,39,20078,13464,3185,24898,28412,17393,3697,13779,15761
10257500 	 17117,29001,7577,22556,26135,23267,10106,28568,29284
2910750 	 4039,1372,24425,19828
6634500 	 18213,26307,6981,120,27448,16174,398,22720,688,9454,27886,1257
10715500 	 6820,21110,22029,2655,8240
5980500 	 13962,17959,21400,23814,27155,25366,3650,14580,18353
6250250 	 4078,12541,4534,5995,12022,26426,4039,16564,6246
1838000 	 16906,2963
1855750 	 24180,6434,9651,12762,17450,743,2176,7105,11225,14261,7868
3075000 	 4813,201,26614,20950,8751,15918,26343,12811,12173,8684,24706,26419,6908,5995,6592
7383000 	 13971,21838,10151,25309,7611,25372,7868,27791
29750 	 12220
8170750 	 21548,21919,21431,19552,27458,19217,10207,2826,23143
4025000 	 17437,23793,4571,24792,3627,22583,18575,18024,12220
9278500 	 8943,20916,4339,25305,22911,26546,18632,7847,8965,24307
39750 	 16663,1224,5403,4896,27817,24848,19142,17058
5121750 	 19113,3553,679,17577,15138,5429,16624,251
3288750 	 5429,3937,12599,6665,13518,17181
10185750 	 3438,9290,5151,9838,1415,8805,8304,14806,2257,911,24284,18267
6768000 	 16818,7827,18491
12065000 	 3228,24196,2432,10999,14120,6154,6480
3335000 	 8719,12747,5574,4913,27584,325
9202750 	 21110,20444,335,23134,8622,13325,16184,10343
6067750 	 3329,29099,1838,24447,7105,7995,14447,9946,20768
5999000 	 20630,26871,2993,24590,26270
2006000 	 21838,15534,28008,29022,17060,12705,1397,25372,8122
11751000 	 28297,21110,10404,1438,28985,19431,16564,6948
12015250 	 23604,11080,14806
8145500 	 4731,24392,24196,4268,23669,4949,26523
3168000 	 19742,20417,2240
10477000 	 14863,23045,27151,21562,25212,16222,8007,18926,5912
1627000 	 20747,23770,12410,28641,25565,7820,22879,7868
6358500 	 10194,504
10264750 	 14930,5613,14020,18689,7552
11737250 	 6988,19453,10390,23273,17275,14496,599
10885750 	 21865
8172250 	 19339,21110,2217,20338,6290,7354,28230,7868
82250 	 4300,26605,18697,4763,14531,23066,11080
9044750 	 27483,2945,16808,22864
3272000 	 28230,25544,25770,3534,11732,21315
1047000 	 5012,21110,18095,25770,7954,10795
11141500 	 2945,23475,16079,21657,5464
5061750 	 599,27467,2971
9488750 	 3564
203750 	 2655,13799,18075,25372,4728,12977
139000 	 24358,679
10927500 	 5821,12520,27191,27785,14580,12610
10546500 	 21838,28508,22184,5955
10513000 	 5429,21186
9420500 	 2826,25372,13238
5068750 	 5319
6977000 	 12964,5334,7868
747500 	 25917,12606,5210
10799000 	 19026,13240,4313,14533
1206500 	 4571,5962,7868
3295250 	 12285,15534,21490
8508750 	 21110,4694,6290
7286500 	 19328,4605
11535500 	 11196,11679
1530250 	 14120
3552000 	 24385
10816000 	 20747,27334
71250 	 28641
2616250 	 17458
7860250 	 24746
11716000 	 15315
1449250 	 14261
10979500 	 25372
1641000 	 24565
11167500 	 2469
4501000 	 970
