2940000
4184250
3031750
6874250
12215000
8040000
8845250
2891500
5780000
7699500
11984750
5491500
981000
8163500
12154500
5655250
4475750
5642000
11313000
6564500
8149250
10492250
5264500
1971500
5865750
439000
6694750
1074750
10234000
1966250
9706000
4215750
8702500
691500
2033500
10261750
1911500
3963750
2921750
4770500
5024500
8096750
69500
7687500
2920750
892500
8730250
2975500
10628500
10773000
5011500
5279750
1792000
11321750
2870250
10592000
8435250
1104500
7886000
9244000
6247250
711500
5037000
2788750
5812000
3588500
1086750
5108000
4370750
3952000
11701500
776750
7184500
10521000
2874500
154500
8529750
7892000
1531250
7218000
11730000
3404000
11129250
2253250
5742000
9069000
8940500
7034000
6234000
9173750
1622500
9513250
3846250
3520000
9179500
3913250
5034000
10653250
10443000
8195000
65500
1909250
8314250
1525000
5139250
11169500
3344750
9394250
7143250
2771250
3644250
6003750
1140750
8910750
1617250
11747250
38250
5254500
11225500
11601500
6061250
1906000
12377250
8628250
10401500
10818500
7715000
1561250
4658500
6301250
791500
4850000
2103250
6683750
2050000
10642000
4625750
1173500
2331750
11947000
2807500
1528500
9351750
1661750
8216500
6807250
10312750
3304500
12173500
1724250
621500
6571000
371250
6998500
848500
573000
1953250
9694750
3350250
9039750
7703750
8051750
5143250
5170500
5959000
7103000
1324500
11874000
8033500
9807250
9842500
8243500
4133750
6849750
6957500
2492500
8799750
11493000
9163000
5293250
4844000
1181250
6848750
3317500
12234750
3742000
6099250
5522250
563500
3009000
5407750
2852250
5078750
19500
2752000
6921750
5440750
1189000
7588000
4376250
1118250
3310750
9906500
3981750
8049000
11711250
12016750
1579250
7306250
3257000
1710500
11957000
2200750
11612500
3549000
232000
4895250
12231250
3581250
1338750
7854500
9586500
10054250
7163250
745750
1492500
3148500
341000
7797000
11440500
5745000
4922750
5726500
8156500
11734000
8353250
8111500
7600250
835000
9123500
2232500
10774750
472000
3511000
6412750
42000
6272000
11158000
3211250
5155750
12239250
9121750
1194750
9215000
7060500
4087750
9720000
887750
8617500
8573000
1688750
6713250
832250
4876750
9076750
5238000
8072250
5354000
9512750
10052000
12331000
3288250
11590500
5012750
799000
9592500
2428500
11535250
4902250
1244250
1629250
6155250
1782250
6751750
3149000
2088000
8949750
11434750
5226250
1969000
10944750
4852500
2168250
4921000
10588000
4259500
12371000
200250
4059500
599750
731750
7927750
12142750
9979000
4547500
6897000
7476250
6400000
5751500
7016500
7450000
725000
5769750
3114000
5898500
984500
4956000
4195500
2316250
10696000
3954500
4852000
11362000
9802000
434750
11936000
4256000
9436000
3014750
2078000
11949750
3719250
5899750
11579750
5248750
2187500
5754500
11307500
10229250
6700250
8129250
1812000
3723750
5654000
11564250
11142000
393250
2076000
452750
11896000
1046250
3795000
4963500
10063000
4317250
4423500
5901250
3405000
4631250
4503500
4102750
9671750
299750
5226500
12388250
12028500
4967250
4257000
969750
1063000
4153000
2198750
239250
2251750
5220750
4454500
8701250
10064500
3592750
10297000
11939000
267250
5336750
10095000
10302500
6654750
11131750
2378500
11340250
1240250
6258500
6523250
1793250
854250
5082750
10566000
3363000
6515500
10845500
8555500
8745250
9463750
965500
10533750
6766250
11300000
9199500
11503250
5261000
5239500
6852750
7568750
6150750
10309250
8909750
8385000
4880250
1446250
3216500
7367000
5320000
2968250
7545250
3266750
4047000
4716750
11761750
7898750
10840750
11625250
3249250
11552750
847750
7976750
10609250
9394500
1381000
5968250
4256500
5735000
5187750
1758250
5906250
9288000
7513250
7657250
5467250
380000
2756000
10069500
10976250
7116750
10018000
1934750
7269250
12015000
11558000
10598500
620500
11114000
2688750
9782500
317500
9972250
12004000
415500
528250
10592750
12008000
7483500
3787750
9716500
9811750
8324500
11494250
5994250
5292000
2182750
3293750
1025250
11613500
236000
1441500
5052000
7921500
1985250
12275500
9651250
8216750
7375000
9946250
4782250
3675000
6619500
4063000
5693000
6867750
3903500
5847500
2480750
6412250
3573750
6904000
6754250
12229000
10713250
2448250
3625250
11527500
10966250
1724000
11121500
8757750
1832000
3524750
8017000
7361250
9437500
8649250
11632250
5957500
3684750
3590000
1319000
4035250
10224750
1620500
10578000
5110750
11683250
4533750
2988000
1767500
5962750
567250
9782000
6571750
4399750
5846250
11972750
11032250
4336750
7918750
3781500
4907500
4378500
7435500
2386250
10393750
11794250
10322250
11352000
11137750
1459750
1904750
4118250
417250
4886500
6380000
6015000
2823250
10654750
5256500
5608250
1727500
5915250
861250
10119250
3226500
6233750
746000
9839750
9079500
3977750
6848000
11111500
2704750
12384250
2882750
1517000
4004500
9982500
382250
11496750
8528750
2138750
1110750
3861500
8123500
2768250
4809750
252500
2808500
83250
5059000
8523250
2350750
10768750
6257000
3326250
9212500
5952250
10539250
8430000
1074500
9344000
5828250
3282250
3035250
1247000
9103250
3312500
10915250
64000
6780500
7893250
8215250
2797750
9685000
7322250
2733500
11894500
3054250
12337750
4073250
764000
11283500
8633500
9438000
3215500
6683250
5910250
1806750
6996000
9628250
7002750
8160750
2364500
145750
4193750
8666500
5948500
2737250
282500
6126750
6497000
10619000
9973000
4557250
8230750
8100250
1459000
7445000
2626250
8070000
861750
10212500
5199750
10756500
7785250
8102000
10000250
1365000
6014750
5539250
4115500
591750
4606000
1699500
1499750
11646500
6205000
7320250
9352750
1815750
4447000
6433000
8060000
7568250
7830250
12204750
6299000
10972250
364250
10057000
11022500
6172000
6458500
4304250
6334000
4712250
3895750
7810250
805750
266500
8848250
980000
190500
6266000
405000
7494250
8248750
4189500
4186500
10047250
2676250
8271000
5465250
8792750
3096750
2557000
3188000
764750
4994000
7405250
2476250
10185000
7323750
7269750
154750
5287000
7003500
47000
3396250
11391250
8822250
4680000
3410000
7787500
12061000
1114000
11078500
12417500
4814750
140500
4037500
4809000
1838750
6572500
5082500
6900500
5438000
4421250
6264750
11687000
7190750
5027500
6603750
3892750
8346250
8280500
5697750
448250
7149500
8622000
6872750
7345250
418500
10933250
4392000
3734250
650750
9055750
6140500
11631250
3751500
5987000
425500
8869250
10112000
1148000
1165500
2148250
3245250
10831750
6458250
5440500
309750
11220500
7211250
4097500
4054000
9794000
11847750
2322750
11616250
4853750
9035750
3849750
5911250
4620000
3010000
9015000
12386500
3661500
11397250
11923000
6354500
8861500
10790500
8997500
3799500
11772000
10257500
2132250
2910750
11782250
6634500
10715500
5980500
6250250
1838000
1855750
3075000
7383000
29750
8170750
4025000
887500
9278500
39750
3089500
5121750
3288750
10185750
6768000
11046750
12065000
3335000
9202750
6067750
5999000
2006000
11751000
12015250
8145500
3168000
11339250
10477000
1627000
6358500
10264750
11737250
10885750
8172250
82250
4804500
9044750
3272000
1047000
11141500
5061750
9488750
203750
139000
10927500
3001000
10546500
10513000
9420500
5068750
6977000
747500
10799000
1206500
12027000
3295250
8508750
7286500
6458000
11535500
1530250
3552000
10816000
71250
2616250
7860250
11716000
1449250
10979500
1641000
8327250
11167500
4501000
